1         1         1         1         11
2         1         1         1         12
3         1         1         1         13
4         1         1         1         14
5         1         1         1         15
6         1         1         1         16
7         1         1         1         17
8         1         1         1         18
9         1         1         1         19
0         1         1         1         10
1         1         1         1         11
2         1         1         1         12
3         1         1         1         13
4         1         1         1         14
5         1         1         1         15